Edge	4	14	18	0	0	0	157	-1
	Sequence	+edge_3_0_-disjointig_9_9745_47886 38141 -11 134513 9745 47886
Edge	5	10	19	0	0	0	157	-1
	Sequence	-edge_3_0_-disjointig_9_9745_47886 38141 11 134513 86626 124767
Edge	6	57	52	0	0	0	118	-1
	Sequence	+edge_4_0_+disjointig_7_11107_565271 554164 9 571125 11107 565271
Edge	7	35	61	0	0	0	118	-1
	Sequence	-edge_4_0_+disjointig_7_11107_565271 554164 -9 571125 5853 560017
Edge	8	12	2	0	0	0	152	-1
	Sequence	+edge_5_0_-disjointig_9_53696_128492 74796 -11 134513 53696 128492
Edge	9	55	7	0	0	0	152	-1
	Sequence	-edge_5_0_-disjointig_9_53696_128492 74796 11 134513 6020 80816
Edge	12	9	41	0	0	0	132	-1
	Sequence	+edge_7_0_+disjointig_8_6358_27759 21401 10 33888 6358 27759
Edge	13	36	48	0	0	0	132	-1
	Sequence	-edge_7_0_+disjointig_8_6358_27759 21401 -10 33888 6128 27529
Edge	20	53	60	0	0	0	134	-1
	Sequence	+edge_11_0_+disjointig_1_162795_384936 222141 1 1319745 162795 384936
Edge	21	8	59	0	0	0	134	-1
	Sequence	-edge_11_0_+disjointig_1_162795_384936 222141 -1 1319745 934808 1156949
Edge	22	22	56	0	0	0	174	-1
	Sequence	+edge_12_0_-disjointig_1_7655_88628 80973 -1 1319745 7655 88628
Edge	23	39	20	0	0	0	174	-1
	Sequence	-edge_12_0_-disjointig_1_7655_88628 80973 1 1319745 1231116 1312089
Edge	34	26	51	0	0	0	153	-1
	Sequence	+edge_18_0_+disjointig_1_388119_943017 554898 1 1319745 388119 943017
Edge	35	50	40	0	0	0	153	-1
	Sequence	-edge_18_0_+disjointig_1_388119_943017 554898 -1 1319745 376727 931625
Edge	42	50	31	0	0	0	107	-1
	Sequence	+edge_22_0_+disjointig_3_5332_964100 958768 5 972453 5332 964100
Edge	43	32	51	0	0	0	107	-1
	Sequence	-edge_22_0_+disjointig_3_5332_964100 958768 -5 972453 8352 967120
Edge	48	55	49	0	0	0	113	-1
	Sequence	+edge_25_0_+disjointig_1_955495_1224822 269327 1 1319745 955495 1224822
Edge	49	44	2	0	0	0	113	-1
	Sequence	-edge_25_0_+disjointig_1_955495_1224822 269327 -1 1319745 94922 364249
Edge	58	39	31	0	0	0	115	-1
	Sequence	+edge_30_0_-disjointig_2_4280_386048 381768 -4 705591 4280 386048
Edge	59	32	56	0	0	0	115	-1
	Sequence	-edge_30_0_-disjointig_2_4280_386048 381768 4 705591 319542 701310
Edge	82	4	6	0	0	0	157	-1
	Sequence	+edge_42_0_+disjointig_1_7817_157370 149553 1 1319745 7817 157370
Edge	83	54	58	0	0	0	157	-1
	Sequence	-edge_42_0_+disjointig_1_7817_157370 149553 -1 1319745 1162374 1311927
Edge	84	61	53	0	0	1	234	-1
	Sequence	+edge_43_0_+disjointig_1_2483_7817 5334 1 1319745 2483 7817
	Sequence	+edge_43_1_+disjointig_1_157370_162795 5425 1 1319745 157370 162795
	Sequence	+edge_43_2_-disjointig_1_2487_7655 5168 -1 1319745 2487 7655
	Sequence	+edge_43_3_-disjointig_2_700467_705585 5118 -4 705591 700467 705585
	Sequence	+edge_43_4_+disjointig_4_27_5266 5239 6 738130 27 5266
	Sequence	+edge_43_5_+disjointig_5_2482_7567 5085 7 452840 2482 7567
	Sequence	+edge_43_6_-disjointig_6_58881_64297 5416 -8 118600 58881 64297
	Sequence	+edge_43_7_-disjointig_7_560017_565692 5675 -9 571125 560017 565692
	Sequence	+edge_43_8_-disjointig_8_27529_32771 5242 -10 33888 27529 32771
	Sequence	+edge_43_9_+disjointig_9_80816_86626 5810 11 134513 80816 86626
	Sequence	+edge_43_10_+disjointig_9_124767_129838 5071 11 134513 124767 129838
Edge	85	59	57	0	0	1	234	-1
	Sequence	-edge_43_0_+disjointig_1_2483_7817 5334 -1 1319745 1311927 1317261
	Sequence	-edge_43_1_+disjointig_1_157370_162795 5425 -1 1319745 1156949 1162374
	Sequence	-edge_43_2_-disjointig_1_2487_7655 5168 1 1319745 1312089 1317257
	Sequence	-edge_43_3_-disjointig_2_700467_705585 5118 4 705591 5 5123
	Sequence	-edge_43_4_+disjointig_4_27_5266 5239 -6 738130 732863 738102
	Sequence	-edge_43_5_+disjointig_5_2482_7567 5085 -7 452840 445272 450357
	Sequence	-edge_43_6_-disjointig_6_58881_64297 5416 8 118600 54302 59718
	Sequence	-edge_43_7_-disjointig_7_560017_565692 5675 9 571125 5432 11107
	Sequence	-edge_43_8_-disjointig_8_27529_32771 5242 10 33888 1116 6358
	Sequence	-edge_43_9_+disjointig_9_80816_86626 5810 -11 134513 47886 53696
	Sequence	-edge_43_10_+disjointig_9_124767_129838 5071 -11 134513 4674 9745
Edge	86	16	1	0	0	0	141	-1
	Sequence	+edge_44_0_+disjointig_2_5123_50074 44951 4 705591 5123 50074
Edge	87	47	15	0	0	0	141	-1
	Sequence	-edge_44_0_+disjointig_2_5123_50074 44951 -4 705591 655516 700467
Edge	88	17	29	0	0	0	161	-1
	Sequence	+edge_45_0_+disjointig_6_59718_118598 58880 8 118600 59718 118598
Edge	89	28	23	0	0	0	161	-1
	Sequence	-edge_45_0_+disjointig_6_59718_118598 58880 -8 118600 1 58881
Edge	90	29	34	0	0	0	167	-1
	Sequence	+edge_46_0_+disjointig_6_22671_54302 31631 8 118600 22671 54302
Edge	91	5	28	0	0	0	167	-1
	Sequence	-edge_46_0_+disjointig_6_22671_54302 31631 -8 118600 64297 95928
Edge	92	11	3	0	0	0	140	-1
	Sequence	+edge_47_0_+disjointig_4_5266_731309 726043 6 738130 5266 731309
Edge	93	0	45	0	0	0	140	-1
	Sequence	-edge_47_0_+disjointig_4_5266_731309 726043 -6 738130 6820 732863
Edge	94	37	49	0	0	0	156	-1
	Sequence	+edge_48_0_+disjointig_5_7567_447725 440158 7 452840 7567 447725
Edge	95	44	21	0	0	0	156	-1
	Sequence	-edge_48_0_+disjointig_5_7567_447725 440158 -7 452840 5114 445272
Edge	96	42	41	0	0	0	108	-1
	Sequence	+edge_49_0_+disjointig_2_53256_277830 224574 4 705591 53256 277830
Edge	97	36	33	0	0	0	108	-1
	Sequence	-edge_49_0_+disjointig_2_53256_277830 224574 -4 705591 427760 652334
Edge	98	51	55	1	0	0	251	-1
	Sequence	+edge_50_0_+disjointig_1_943017_955495 12478 1 1319745 943017 955495
Edge	99	2	50	1	0	0	251	-1
	Sequence	-edge_50_0_+disjointig_1_943017_955495 12478 -1 1319745 364249 376727
Edge	100	49	39	1	0	0	80	-1
	Sequence	+edge_51_0_+disjointig_1_1224822_1231116 6294 1 1319745 1224822 1231116
Edge	101	56	44	1	0	0	80	-1
	Sequence	-edge_51_0_+disjointig_1_1224822_1231116 6294 -1 1319745 88628 94922
Edge	102	13	13	0	0	0	196	-1
	Sequence	+edge_52_0_+disjointig_10_23138_132196 109058 2 132198 23138 132196
Edge	103	30	30	0	0	0	196	-1
	Sequence	-edge_52_0_+disjointig_10_23138_132196 109058 -2 132198 1 109059
Edge	104	31	46	1	0	0	236	-1
	Sequence	+edge_53_0_-disjointig_2_386048_389691 3643 -4 705591 386048 389691
	Sequence	+edge_53_1_+disjointig_3_964100_967812 3712 5 972453 964100 967812
Edge	105	43	32	1	0	0	236	-1
	Sequence	-edge_53_0_-disjointig_2_386048_389691 3643 4 705591 315899 319542
	Sequence	-edge_53_1_+disjointig_3_964100_967812 3712 -5 972453 4640 8352
Edge	106	27	38	0	0	0	116	-1
	Sequence	+edge_54_0_+disjointig_11_1495_25167 23672 3 25168 1495 25167
Edge	107	25	24	0	0	0	116	-1
	Sequence	-edge_54_0_+disjointig_11_1495_25167 23672 -3 25168 0 23672
Edge	108	46	36	1	0	0	134	-1
	Sequence	+edge_55_0_-disjointig_2_389691_427760 38069 -4 705591 389691 427760
Edge	109	41	43	1	0	0	134	-1
	Sequence	-edge_55_0_-disjointig_2_389691_427760 38069 4 705591 277830 315899
Edge	110	23	22	0	0	0	167	-1
	Sequence	+edge_56_0_-SRR32410565.164137_1715_7122 5407 * 0 0 0
Edge	111	20	17	0	0	0	167	-1
	Sequence	-edge_56_0_-SRR32410565.164137_1715_7122 5407 * 0 0 0
Edge	112	21	16	0	0	0	148	-1
	Sequence	+edge_57_0_-SRR32410565.81100_966_6209 5243 * 0 0 0
Edge	113	15	37	0	0	0	148	-1
	Sequence	-edge_57_0_-SRR32410565.81100_966_6209 5243 * 0 0 0
Edge	114	19	4	0	0	0	157	-1
	Sequence	+edge_58_0_+SRR32410565.139820_971_6384 5413 * 0 0 0
Edge	115	58	14	0	0	0	157	-1
	Sequence	-edge_58_0_+SRR32410565.139820_971_6384 5413 * 0 0 0
Edge	116	48	11	0	0	0	136	-1
	Sequence	+edge_59_0_+SRR32410565.176170_1201_6444 5243 * 0 0 0
Edge	117	45	9	0	0	0	136	-1
	Sequence	-edge_59_0_+SRR32410565.176170_1201_6444 5243 * 0 0 0
Edge	118	40	8	0	0	0	143	-1
	Sequence	+edge_60_0_-SRR32410565.55265_1080_4261 3181 * 0 0 0
Edge	119	60	26	0	0	0	143	-1
	Sequence	-edge_60_0_-SRR32410565.55265_1080_4261 3181 * 0 0 0
Edge	120	7	10	0	0	0	154	-1
	Sequence	+edge_61_0_-SRR32410565.7734_1064_6902 5838 * 0 0 0
Edge	121	18	12	0	0	0	154	-1
	Sequence	-edge_61_0_-SRR32410565.7734_1064_6902 5838 * 0 0 0
Edge	122	52	42	0	0	0	113	-1
	Sequence	+edge_62_0_+SRR32410565.12542_1434_4770 3336 * 0 0 0
Edge	123	33	35	0	0	0	113	-1
	Sequence	-edge_62_0_+SRR32410565.12542_1434_4770 3336 * 0 0 0
Edge	124	6	5	0	0	0	162	-1
	Sequence	+edge_63_0_-SRR32410565.57023_785_6104 5319 * 0 0 0
Edge	125	34	54	0	0	0	162	-1
	Sequence	-edge_63_0_-SRR32410565.57023_785_6104 5319 * 0 0 0
Edge	126	3	47	0	0	0	140	-1
	Sequence	+edge_64_0_-SRR32410565.31327_3458_6641 3183 * 0 0 0
Edge	127	1	0	0	0	0	140	-1
	Sequence	-edge_64_0_-SRR32410565.31327_3458_6641 3183 * 0 0 0
